healthy 0.29799107142857145 0.6284722222222222 0.19766865079365079 0.1789021164021164
healthy 0.35032242063492064 0.8445767195767195 0.12723214285714285 0.3048941798941799
healthy 0.5177331349206349 0.6157407407407407 0.22495039682539683 0.3326719576719577
healthy 0.5412946428571429 0.36507936507936506 0.09846230158730158 0.2777777777777778
healthy 0.7022569444444444 0.2724867724867725 0.15649801587301587 0.21296296296296297
healthy 0.8463541666666666 0.5945767195767195 0.22643849206349206 0.3048941798941799
healthy 0.6842757936507936 0.09837962962962964 0.4836309523809524 0.19345238095238096
healthy 0.30257936507936506 0.09573412698412699 0.09523809523809523 0.0744047619047619
healthy 0.3890128968253968 0.05919312169312169 0.05431547619047619 0.07142857142857142
healthy 0.25496031746031744 0.21676587301587302 0.24950396825396826 0.4176587301587302
