healthy 0.3158482142857143 0.4105489417989418 0.29389880952380953 0.2986111111111111
healthy 0.7490079365079365 0.47238756613756616 0.35267857142857145 0.23247354497354497
healthy 0.30617559523809523 0.5557208994708994 0.39360119047619047 0.18816137566137567
healthy 0.5246775793650794 0.5958994708994709 0.08209325396825397 0.17989417989417988
chihuo_low 0.5863095238095238 0.07043650793650794 0.12301587301587301 0.13756613756613756
healthy 0.640625 0.2218915343915344 0.2767857142857143 0.24603174603174602
healthy 0.8427579365079365 0.25033068783068785 0.10466269841269842 0.28835978835978837
healthy 0.9191468253968254 0.10251322751322751 0.1597222222222222 0.2037037037037037
healthy 0.8297371031746031 0.716931216931217 0.11235119047619048 0.22552910052910052
healthy 0.9377480158730159 0.5056216931216931 0.12400793650793651 0.1746031746031746
