healthy 0.47780257936507936 0.15476190476190477 0.12177579365079365 0.30357142857142855
healthy 0.5549355158730159 0.4669312169312169 0.20610119047619047 0.25
healthy 0.43353174603174605 0.7939814814814815 0.2673611111111111 0.17063492063492064
healthy 0.2631448412698413 0.8207671957671958 0.15426587301587302 0.35648148148148145
healthy 0.12313988095238096 0.5856481481481481 0.19370039682539683 0.2791005291005291
healthy 0.2062251984126984 0.19758597883597884 0.09449404761904762 0.10416666666666667
chihuo_low 0.0716765873015873 0.29728835978835977 0.14186507936507936 0.13624338624338625
chihuo_low 0.08097718253968254 0.5226521164021164 0.15749007936507936 0.21263227513227514
healthy 0.287078373015873 0.40162037037037035 0.036458333333333336 0.07242063492063493
healthy 0.20771329365079366 0.3639219576719577 0.09300595238095238 0.06316137566137567
tanju_low 0.3386656746031746 0.17542989417989419 0.13169642857142858 0.3349867724867725
